0.1136 85 82 88 91 95
0.2715 76 73 78 79 83
0.5248 78 77 81 81 82
0.2074 76 71 79 79 85
0.0225 89 92 96 98 99
0.1507 88 89 92 95 96
0.2333 64 61 67 68 71
0.2381 74 70 75 78 84
0.2387 70 74 85 88 90
0.1516 80 81 93 95 96
0.0477 81 77 86 84 96
0.2110 60 69 77 80 89
0.1466 80 76 86 90 92
0.0579 86 82 86 91 96
0.0469 88 85 88 92 97
0.0611 98 94 98 99 99
0.0642 93 86 93 95 98
0.0431 90 88 94 97 98
0.3935 85 84 90 90 90
0.4598 84 80 86 87 87
0.4149 91 93 97 98 98
0.4836 87 82 93 92 94
0.0414 91 83 93 95 97
0.1109 82 79 84 81 87
0.8349 90 87 93 95 96
0.2878 64 62 65 66 74
0.0437 83 84 91 91 97
0.2795 68 65 71 72 77
0.0799 76 82 85 89 93
0.0668 84 81 87 90 95
0.0577 94 90 93 96 98
0.4871 89 89 92 92 92
0.2109 63 67 69 73 84
0.3191 73 76 77 80 84
0.1900 73 72 78 82 90
0.0431 89 91 96 99 99
0.4765 89 88 93 93 93
0.1230 68 67 67 71 87
0.0739 86 88 91 93 97
0.7779 80 77 84 87 88