0.4025 70 64 84 84 78
0.2764 67 63 79 82 82
0.3791 71 70 81 83 79
0.5954 65 63 80 83 83
0.1104 77 82 84 88 91
0.1639 72 79 84 88 90
0.3589 68 64 73 75 79
0.6956 73 71 79 81 82
0.1450 76 78 87 90 92
0.0425 88 87 94 97 97
0.1530 73 70 74 74 87
0.3804 62 65 74 77 81
0.5358 67 63 79 82 82
0.3567 67 65 69 73 76
0.3440 70 64 75 78 80
0.1977 90 84 89 95 92
0.2261 69 65 75 78 83
0.1606 78 77 81 84 88
0.1280 88 86 93 95 96
0.3664 77 75 86 88 89
0.7603 84 86 92 94 93
0.4299 77 74 78 82 82
0.1098 83 77 87 92 93
0.6352 73 68 73 81 83
0.7305 69 63 75 79 82
0.5235 66 64 72 74 76
0.4917 70 64 84 84 90
0.6834 74 68 76 80 84
0.5629 63 61 84 85 85
0.1849 70 64 73 78 87
0.3067 71 68 76 77 81
0.4333 78 77 89 91 90
0.3995 67 68 73 76 80
0.4198 62 63 75 76 79
0.1490 88 85 92 94 94
0.1341 75 78 82 88 89
0.1676 87 83 93 95 95
0.2149 81 79 86 88 89
0.6315 71 70 79 79 80
0.2139 80 76 82 86 85